1.      1/6
2.      36
3.      1/3
4.      11
5.      1/12
6.      2’2/3
7.      2/15
8.      6/35
9.      1’11/24
10.     15
11.     18
12.     1/8
13.     5
14.     35
15.     18
16.     56
17.     24
18.     3
19.     16
20.     8
21.     7
22.     6
23.     10’4/5
24.     44
25.     72
26.     2
27.     8’4/5
28.     22
29.     14
30.     216
31.     16
32.     1’1/7
33.     1/2
34.     11
35.     13’4/7
36.     288
37.     15
38.     2
39.     6
40.     1/3
41.     1/4
42.     3/4
43.     1/8
44.     3/8
45.     3’1/2
46.     1’1/2
47.     12
48.     16
49.     1’2/5
50.     1
51.     2
52.     4
53.     72
54.     1
55.     196
56.     1/18
57.     5/18
58.     16
59.     7’1/2
60.     7
61.     40
62.     12
63.     1’2/3
64.     15
65.     54
66.     5
67.     4
68.     1/7
69.     12
70.     2
71.     67
72.     11
73.     3
74.     14
75.     15
76.     10
77.     14
78.     9
79.     54
80.     11
81.     81
82.     9
83.     4’1/3
84.     1’1/4
85.     3
86.     32
87.     2
88.     9/16
89.     4
90.     11’1/7
91.     4
92.     3
93.     2’1/4
94.     1
95.     1176
96.     64
97.     1/7
98.     11
99.     71
100.    2/3
